ENEMY 1 1000 100.0 -10.0
ENEMY 2 1500 250.0 -10.0
ENEMY 2 1000 250.0 -10.0
ENEMY 2 1080 250.0 -10.0
ENEMY 2 1160 250.0 -10.0
ENEMY 2 1240 250.0 -10.0
ENEMY 2 1320 250.0 -10.0
ENEMY 2 1400 250.0 -10.0
ENEMY 2 1480 250.0 -10.0
ENEMY 1 2000 200.0 -10.0
ENEMY 1 3800 350.0 -10.0
ENEMY 1 1000 250.0 -10.0
ENEMY 1 2000 100.0 -10.0
ENEMY 1 3000 370.0 -10.0
ENEMY 1 4000 230.0 -10.0
ENEMY 1 2000 190.0 -10.0
POWERUP 2 2600 270.0 -10.0
ENEMY 1 2800 200.0 -10.0
ENEMY 2 1000 350.0 -10.0
ENEMY 2 1080 350.0 -10.0
ENEMY 2 1160 350.0 -10.0
ENEMY 2 1240 350.0 -10.0
ENEMY 2 1320 350.0 -10.0
ENEMY 2 1400 350.0 -10.0
ENEMY 2 1480 350.0 -10.0
POWERUP 1 3800 270.0 -10.0
POWERUP 1 2000 270.0 -10.0
POWERUP 2 3000 270.0 -10.0
POWERUP 1 3500 200.0 -10.0
POWERUP 2 1000 350.0 -10.0
ENEMY 1 4000 450.0 -10.0
ENEMY 1 5500 450.0 -10.0
BOSS 2 120.0 6000 240.0 -10.0
