ENEMY 1 1000 200.0 -10.0
ENEMY 1 1500 250.0 -10.0
ENEMY 1 2500 350.0 -10.0
ENEMY 1 2800 200.0 -10.0
ENEMY 1 3000 250.0 -10.0
ENEMY 1 1000 200.0 -10.0
ENEMY 1 2500 350.0 -10.0
ENEMY 1 3000 250.0 -10.0
ENEMY 1 2000 200.0 -10.0
ENEMY 1 3800 350.0 -10.0
ENEMY 2 1000 250.0 -10.0
ENEMY 2 2000 100.0 -10.0
ENEMY 2 3000 370.0 -10.0
ENEMY 2 4000 230.0 -10.0
ENEMY 2 2000 190.0 -10.0
POWERUP 1 1000 270.0 -10.0
POWERUP 2 3000 270.0 -10.0
POWERUP 1 2000 200.0 -10.0
POWERUP 2 2500 350.0 -10.0
ENEMY 2 4000 450.0 -10.0
ENEMY 2 4500 350.0 -10.0
BOSS 2 120.0 6000 240.0 -10.0
